  1.60   1.40     12   0.50
  1.80   1.40     01   0.50
  1.60   1.20     07   0.50
  2.00   1.60     09   0.50
  1.40   1.60     15   0.50
  2.00   1.80     04   0.50
  1.40   2.00     03   0.50
  1.00   2.00     10   0.50
  1.20   1.00     13   0.50
  1.00   1.00     06   0.50
  1.60   1.60     12   3.75
  1.00   2.00     04   3.75
  2.00   1.40     03   3.75
  1.40   1.00     09   3.75
  1.20   1.60     01   3.75
  1.40   1.00     06   3.75
  1.80   1.20     07   3.75
  2.00   2.00     10   3.75
  1.00   1.40     13   3.75
  1.60   1.80     15   3.75
  1.00   1.00     09   5.00
  1.00   1.00     04   5.00
  1.60   1.20     06   5.00
  2.00   1.40     01   5.00
  2.00   1.80     15   5.00
  1.60   1.60     13   5.00
  1.20   1.40     10   5.00
  1.80   1.60     07   5.00
  1.40   2.00     03   5.00
  1.40   2.00     12   5.00
