1800
1800
1800
1800
1800
1800
1800
1800
1800
1800
1800
1800
1800
1800
1800
1800
1800
1800
1800
1800
1800
1800
1800
1800
1800
1800
1800
1800
1800
1800
1800
1800
1800
1800
1800
1800
1800
1800
1800
1800
1800
1800
1800
1800
1800
1800
1800
1800
1800
1800
1800
1800
1800
1800
1800
1800
1800
1800
1800
1800
1800
1800
1800
1800
1800
1800
1800
1800
1800
1800
1800
1800
1800
1800
1800
1800
1800
1800
1800
1800
1800
1800
1800
1800
1800
1800
1800
1800
1800
1800
1800
1800
1800
1800
1800
1800
1800
1800
1800
1800
1800
1800
1800
1800
1800
1800
1800
1800
1800
1800
1800
1800
1800
1800
1800
1800
1800
1800
1800
1800
1800
1800
1800
1800
1800
1800
1800
1800
1800
1800
1800
1800
1800
1800
1800
1800
1800
1800
1800
1800
1800
1800
1800
1800
1800
1800
1800
1800
1800
1800
1800
1800
1800
1800
1800
1800
1800
1800
1800
1800
1800
1800
1800
1800
1800
1800
1800
1800
1800
1800
1800
1800
1800
1800
1800
1800
1800
1800
1800
1800
1800
1800
1800
1800
1800
1800
1800
1800
1800
1800
1800
1800
1800
1800
1800
1800
1800
1800
1800
1800
1800
1800
1800
1800
1800
1800
1800
1800
1800
1800
1800
1800
1800
1800
1800
1800
1800
1800
1800
1800
1800
1800
1800
1800
1800
1800
1800
1800
1800
1800
1800
1800
1800
1800
1800
1800
1800
1800
1800
1800
1800
1800
1800
1800
1800
1800
1800
1800
1800
1800
1800
1800
1800
1800
1800
1800
1800
1800
1800
1800
1800
1800
1800
1800
1800
1800
1800
1800
1800
1800
1800
1800
1800
1789.3
1488.5
1606.1
1534.1
1397.4
1166
973.86
842.21
737.66
664.47
612.6
592.21
600.71
641.59
642.81
600.98
549.95
1800
1800
1800
1800
1800
1800
1800
1800
1800
1800
1800
1800
1800
1800
1800
1800
1800
1800
1800
1800
1800
1800
1800
1800
1800
1800
1800
1800
1800
1800
1800
1800
1800
1800
1800
1800
1800
1800
1800
1800
1800
1800
1800
1800
1789.3
1499.2
1368.4
1218.3
1071.5
904.68
761.75
649.28
558.39
489.47
430.54
380.83
341.5
308.33
282.18
260.03
242.75
228.02
215.26
205.45
196.41
188.39
181.97
177.1
172.25
167.69
163.59
159.87
156.45
153.63
150.75
148.36
145.87
143.73
1800
1800
1800
1800
1800
1800
1800
1800
1800
1800
1800
1800
1800
1800
1800
1800
1800
1800
1800
1800
1800
1800
1800
1800
1800
1800
1800
1800
1800
1800
1800
1800
1800
1800
1800
1800
1800
1800
1800
1800
1800
1800
1800
1800
1789.3
1589.9
1682.5
1703.6
1467.3
1248.8
1080.4
957.72
863.1
804.33
779.83
787.84
1800
1800
1800
1800
1800
1800
1800
1800
1800
1800
1800
1800
1800
1800
1800
1800
1800
1800
1800
1800
1800
1800
1800
1800
1800
1800
1800
1800
1800
1800
1800
1800
1800
1800
1800
1800
1800
1800
1800
1800
1800
1800
1800
1800
1789.3
1518.2
1506.8
1393.5
1263.9
1085.3
911.68
794.81
706.08
633.03
567.18
512.1
1800
1800
1800
1800
1800
1800
1800
1800
1800
1800
1800
1800
1800
1800
1800
1800
1800
1800
1800
1800
1800
1800
1800
1800
1800
1800
1800
1800
1800
1800
1800
1800
1800
1800
1800
1800
1800
1800
1800
1800
1800
1800
1800
1800
1789.3
1503.3
1426.3
1298.7
1163.9
1002.5
844.38
724.75
637.35
568.05
507.15
455.18
410.46
374.32
343.4
316.51
293.63
275.68
260.38
246.11
234.42
225.7
217.55
1800
1800
1800
1800
1800
1800
1800
1800
1800
1800
1800
1800
1800
1800
1800
1800
1800
1800
1800
1800
1800
1800
1800
1800
1800
1800
1800
1800
1800
1800
1800
1800
1800
1800
1800
1800
1800
1800
1800
1800
1800
1800
1800
1800
1789.3
1516.8
1506.7
1398
1272.6
1089.1
912.73
796.07
708.16
637.3
572.81
518.03
1800
1800
1800
1800
1800
1800
1800
1800
1800
1800
1800
1800
1800
1800
1800
1800
1800
1800
1800
1800
1800
1800
1800
1800
1800
1800
1800
1800
1800
1800
1800
1800
1800
1800
1800
1800
1800
1800
1800
1800
1800
1800
1800
1800
1789.3
1592.6
1624
1554.2
1388.7
1189.6
1028.8
917.55
822.78
742.07
667.28
599.87
1800
1800
1800
1800
1800
1800
1800
1800
1800
1800
1800
1800
1800
1800
1800
1800
1800
1800
1800
1800
1800
1800
1800
1800
1800
1800
1800
1800
1800
1800
1800
1800
1800
1800
1800
1800
1800
1800
1800
1800
1800
1800
1800
1800
1789.3
1591.5
1689.7
1723.6
1482.9
1260.4
1085
954.86
853.07
802.01
816.63
897.47
926.32
847.92
763.76
678.08
610.04
1800
1800
1800
1800
1800
1800
1800
1800
1800
1800
1800
1800
1800
1800
1800
1800
1800
1800
1800
1800
1800
1800
1800
1800
1800
1800
1800
1800
1800
1800
1800
1800
1800
1800
1800
1800
1800
1800
1800
1800
1800
1800
1800
1800
1789.3
1470.9
1384.1
1241.5
1111.1
967.02
808.4
680.22
584.29
512.84
452.15
401.35
361.82
324.34
296.8
271.93
252.08
236.55
221.43
210.61
200.57
192.3
185.29
179.24
1800
1800
1800
1800
1800
1800
1800
1800
1800
1800
1800
1800
1800
1800
1800
1800
1800
1800
1800
1800
1800
1800
1800
1800
1800
1800
1800
1800
1800
1800
1800
1800
1800
1800
1800
1800
1800
1800
1800
1800
1800
1800
1800
1800
1789.3
1521.3
1599.9
1514.7
1368
1153.7
974.06
856.94
766.05
693.1
626.43
567.85
516.83
470.48
432.35
400.21
370.86
349.44
330.11
1800
1800
1800
1800
1800
1800
1800
1800
1800
1800
1800
1800
1800
1800
1800
1800
1800
1800
1800
1800
1800
1800
1800
1800
1800
1800
1800
1800
1800
1800
1800
1800
1800
1800
1800
1800
1800
1800
1800
1800
1800
1800
1800
1800
1789.3
1398.2
1117.2
869.79
671.26
518.46
388.4
290.11
213.81
157.32
111.69
77.075
52.342
33.259
19.365
8.8506
52.999
99.169
138.35
160.74
172.6
177.88
180.05
180.54
180.48
179.99
179.23
178.43
177.65
177.07
176.31
175.47
1800
1800
1800
1800
1800
1800
1800
1800
1800
1800
1800
1800
1800
1800
1800
1800
1800
1800
1800
1800
1800
1800
1800
1800
1800
1800
1800
1800
1800
1800
1800
1800
1800
1800
1800
1800
1800
1800
1800
1800
1800
1800
1800
1800
1789.3
1398.2
1117.2
869.79
671.26
518.46
388.4
290.11
213.81
157.32
111.69
77.075
52.342
33.259
19.365
8.8506
54.046
101.44
140.49
162.4
173.67
178.59
180.49
180.71
180.51
179.88
179.06
178.23
177.48
176.83
175.99
175.01
1800
1800
1800
1800
1800
1800
1800
1800
1800
1800
1800
1800
1800
1800
1800
1800
1800
1800
1800
1800
1800
1800
1800
1800
1800
1800
1800
1800
1800
1800
1800
1800
1800
1800
1800
1800
1800
1800
1800
1800
1800
1800
1800
1800
1789.3
1398.2
1117.2
869.79
671.26
518.46
388.4
290.11
213.81
157.32
111.69
77.075
52.342
33.259
19.365
8.8506
85.1
170.27
229.79
261.33
279.2
289.68
296.92
301.78
304.9
306.81
307.38
306.38
1800
1800
1800
1800
1800
1800
1800
1800
1800
1800
1800
1800
1800
1800
1800
1800
1800
1800
1800
1800
1800
1800
1800
1800
1800
1800
1800
1800
1800
1800
1800
1800
1800
1800
1800
1800
1800
1800
1800
1800
1800
1800
1800
1800
1789.3
1398.2
1117.2
869.79
671.26
518.46
388.4
290.11
213.81
157.32
111.69
77.075
52.342
33.259
19.365
8.8506
108.77
220.05
293.4
330.21
354.72
369.17
380.25
389.07
394.45
396.38
394.26
1800
1800
1800
1800
1800
1800
1800
1800
1800
1800
1800
1800
1800
1800
1800
1800
1800
1800
1800
1800
1800
1800
1800
1800
1800
1800
1800
1800
1800
1800
1800
1800
1800
1800
1800
1800
1800
1800
1800
1800
1800
1800
1800
1800
1789.3
1398.2
1117.2
869.79
671.26
518.46
388.4
290.11
213.81
157.32
111.69
77.075
52.342
33.259
19.365
8.8506
109.66
220.31
294.17
331.82
356.38
370.66
381.89
389.8
394.5
395.81
393.53
388
380.88
373.89
1800
1800
1800
1800
1800
1800
1800
1800
1800
1800
1800
1800
1800
1800
1800
1800
1800
1800
1800
1800
1800
1800
1800
1800
1800
1800
1800
1800
1800
1800
1800
1800
1800
1800
1800
1800
1800
1800
1800
1800
1800
1800
1800
1800
1789.3
1398.2
1117.2
869.79
671.26
518.46
388.4
290.11
213.81
157.32
111.69
77.075
52.342
33.259
19.365
8.8506
81.443
163.19
225.05
258.07
278.25
291.08
299.4
304.71
308.14
310.41
311.8
312.01
310.55
307.81
303.68
298.43
1800
1800
1800
1800
1800
1800
1800
1800
1800
1800
1800
1800
1800
1800
1800
1800
1800
1800
1800
1800
1800
1800
1800
1800
1800
1800
1800
1800
1800
1800
1800
1800
1800
1800
1800
1800
1800
1800
1800
1800
1800
1800
1800
1800
1789.3
1398.2
1117.2
869.79
671.26
518.46
388.4
290.11
213.81
157.32
111.69
77.075
52.342
33.259
19.365
8.8506
61.527
118.28
165.55
192.11
206.39
213.86
218.32
220.17
221.19
221.74
221.93
221.9
221.7
221.19
220.1
218.52
216.45
214.12
211.14
1800
1800
1800
1800
1800
1800
1800
1800
1800
1800
1800
1800
1800
1800
1800
1800
1800
1800
1800
1800
1800
1800
1800
1800
1800
1800
1800
1800
1800
1800
1800
1800
1800
1800
1800
1800
1800
1800
1800
1800
1800
1800
1800
1800
1789.3
1398.2
1117.2
869.79
671.26
518.46
388.4
290.11
213.81
157.32
111.69
77.075
52.342
33.259
19.365
8.8506
104.16
205.16
269.53
299.97
317.76
327.51
333.98
338.28
340.38
340.58
338.37
333.96
327.74
322.09
1800
1800
1800
1800
1800
1800
1800
1800
1800
1800
1800
1800
1800
1800
1800
1800
1800
1800
1800
1800
1800
1800
1800
1800
1800
1800
1800
1800
1800
1800
1800
1800
1800
1800
1800
1800
1800
1800
1800
1800
1800
1800
1800
1800
1789.3
1398.2
1117.2
869.79
671.26
518.46
388.4
290.11
213.81
157.32
111.69
77.075
52.342
33.259
19.365
8.8506
71.886
142.11
196.88
225.36
241.61
251.19
257.26
261.07
263.46
265.04
266.12
266.53
265.95
264.48
261.96
258.92
254.69
250.5
245.4
239.9
234.61
229.28
224.42
1800
1800
1800
1800
1800
1800
1800
1800
1800
1800
1800
1800
1800
1800
1800
1800
1800
1800
1800
1800
1800
1800
1800
1800
1800
1800
1800
1800
1800
1800
1800
1800
1800
1800
1800
1800
1800
1800
1800
1800
1800
1800
1800
1800
1789.3
1398.2
1117.2
869.79
671.26
518.46
388.4
290.11
213.81
157.32
111.69
77.075
52.342
33.259
19.365
8.8506
67.528
133.19
188.95
220.82
239.99
251.68
259.67
264.03
266.71
268.8
270.52
271.68
272.13
271.64
270.2
267.96
264.83
261.13
256.87
252.06
247.05
241.89
236.59
