1800
1800
1800
1800
1800
1800
1800
1800
1800
1800
1800
1800
1800
1800
1800
1800
1800
1800
1800
1800
1800
1800
1800
1800
1800
1800
1800
1800
1800
1800
1800
1800
1800
1800
1800
1800
1800
1800
1800
1800
1800
1800
1800
1800
1800
1800
1800
1800
1800
1800
1800
1800
1800
1800
1800
1800
1800
1800
1800
1800
1800
1800
1800
1800
1800
1800
1800
1800
1800
1800
1800
1800
1800
1800
1800
1789.3
1489.7
1433.3
1316.9
1203.5
1031.1
861.03
735.7
644.12
574.58
513.08
459.47
414.83
376.09
343.85
315.95
293.51
274.64
259.26
1800
1800
1800
1800
1800
1800
1800
1800
1800
1800
1800
1800
1800
1800
1800
1800
1800
1800
1800
1800
1800
1800
1800
1800
1800
1800
1800
1800
1800
1800
1800
1800
1800
1800
1800
1800
1800
1800
1800
1800
1800
1800
1800
1800
1789.3
1398.2
1117.2
869.79
671.26
518.46
388.4
290.11
213.81
157.32
111.69
77.075
52.342
33.259
19.365
8.8506
87.336
176.6
239.15
273.47
293.33
305.41
313.91
320.08
324.61
327.53
328.5
327.57
324.83
320.37
1800
1800
1800
1800
1800
1800
1800
1800
1800
1800
1800
1800
1800
1800
1800
1800
1800
1800
1800
1800
1800
1800
1800
1800
1800
1800
1800
1800
1800
1800
1800
1800
1800
1800
1800
1800
1800
1800
1800
1800
1800
1800
1800
1800
1800
1800
1800
1800
1800
1800
1800
1800
1800
1800
1800
1800
1800
1800
1800
1800
1800
1800
1800
1800
1800
1800
1800
1800
1800
1800
1800
1789.3
1578.6
1594.2
1514.7
1352.1
1160.2
996.14
882.84
790.67
711.47
639.48
576.58
521.67
471.47
429.91
1800
1800
1800
1800
1800
1800
1800
1800
1800
1800
1800
1800
1800
1800
1800
1800
1800
1800
1800
1800
1800
1800
1800
1800
1800
1800
1800
1800
1800
1800
1800
1800
1800
1800
1800
1800
1800
1800
1800
1800
1800
1800
1800
1800
1789.3
1398.2
1117.2
869.79
671.26
518.46
388.4
290.11
213.81
157.32
111.69
77.075
52.342
33.259
19.365
8.8506
97.852
200.02
271.87
310.94
335.81
351.83
363.57
372.55
378.66
382.67
383.17
380.5
374.78
369.07
