260.29
243.77
226.81
211.06
195.44
181.79
191.45
200.46
208.08
215.15
221.42
227.41
232.9
236.96
239.11
239.76
240.11
240.43
240.64
240.63
240.39
239.82
239.16
238.44
237.77
237.17
236.54
235.72
234.69
233.56
232.23
260.29
243.77
226.81
211.06
195.44
181.79
178.93
177.22
174.94
172.67
170.54
168.41
166.35
164.55
162.61
160.78
158.94
157.21
155.46
153.76
152.14
150.5
148.94
147.36
145.81
144.42
142.91
141.46
139.96
138.51
136.99
135.45
133.93
132.32
130.7
128.9
126.93
124.93
122.44
119.74
116.51
112.86
108.44
103.19
97.144
93.913
91.153
88.372
85.645
82.799
79.665
76.81
74.149
71.84
69.717
67.84
66.246
64.818
63.621
62.555
61.644
60.943
60.281
260.29
243.77
226.81
211.06
195.44
181.79
178.93
177.22
174.94
172.67
170.54
168.41
166.35
164.55
162.61
160.78
158.94
157.21
155.46
153.76
152.14
150.5
148.94
147.36
145.81
144.42
142.91
141.46
139.96
138.51
136.99
135.45
133.93
132.32
130.7
128.9
126.93
124.93
122.44
119.74
116.51
112.86
108.44
103.19
97.144
90.624
84.566
78.612
73.2
68.689
64.532
61.222
58.485
56.413
54.74
53.475
52.57
51.875
51.385
51.026
54.794
57.165
58.863
59.785
60.249
60.432
60.477
60.447
60.381
60.287
60.177
60.043
59.893
59.748
260.29
243.77
226.81
211.06
195.44
181.79
198.39
212.74
224.83
236.22
246.44
256.29
265.19
271.27
274.34
276.76
279.51
282.22
284.76
286.75
288.39
289.58
290.52
291.58
292.71
293.68
294.56
260.29
243.77
226.81
211.06
195.44
181.79
178.93
177.22
174.94
172.67
170.54
168.41
166.35
164.55
162.61
160.78
158.94
157.21
155.46
153.76
152.14
150.5
148.94
147.36
145.81
144.42
142.91
141.46
139.96
138.51
136.99
135.45
133.93
132.32
130.7
128.9
126.93
124.93
122.44
119.74
116.51
112.86
108.44
103.19
97.144
95.631
94.216
92.304
89.891
87.15
84.19
81.47
78.861
76.541
74.32
72.285
70.505
68.859
67.456
260.29
243.77
226.81
211.06
195.44
181.79
178.93
177.22
174.94
172.67
170.54
168.41
166.35
164.55
162.61
160.78
158.94
157.21
155.46
153.76
152.14
150.5
148.94
147.36
145.81
144.42
142.91
141.46
139.96
138.51
136.99
135.45
133.93
132.32
130.7
128.9
126.93
124.93
122.44
119.74
116.51
112.86
108.44
103.19
97.144
90.624
84.566
78.612
73.2
68.689
64.532
61.222
58.485
56.413
54.74
53.475
52.57
51.875
51.385
51.026
55.264
57.958
59.891
60.942
61.482
61.71
61.782
61.771
61.711
61.608
61.476
61.314
61.13
60.95
