260.29
243.77
226.81
211.06
195.44
181.79
200.56
217.44
232.41
247.15
261.43
274.74
284.37
289.8
293.74
297.08
297.69
297.96
298.19
298.32
260.29
243.77
226.81
211.06
195.44
181.79
203.84
222.67
238.78
254.31
268.46
282.28
294.14
297.3
297.31
297.54
297.73
297.78
260.29
243.77
226.81
211.06
195.44
181.79
202.6
220.26
235.1
249.02
261.44
273.44
283.46
288.39
292.26
296.31
297.77
297.89
260.29
243.77
226.81
211.06
195.44
181.79
209.45
232.96
253.24
273.03
291.32
298.75
298.19
297.32
297.17
297.18
297.26
297.44
297.68
260.29
243.77
226.81
211.06
195.44
181.79
198.05
212.29
224.4
235.7
245.91
255.75
264.56
270.73
274.48
277.06
279.54
281.8
283.95
285.7
287.13
288.49
289.75
291.08
292.48
260.29
243.77
226.81
211.06
195.44
181.79
209.32
232.51
252.36
271.5
289.05
298.56
297.85
296.88
297.07
297.36
297.57
297.96
298.14
297.95
260.29
243.77
226.81
211.06
195.44
181.79
196.58
209.59
220.61
230.95
240.28
249.26
257.38
263.39
267.05
269.2
271.34
273.37
275.38
277.02
278.17
279.06
279.7
280.3
280.8
281.16
281.74
282.27
282.68
260.29
243.77
226.81
211.06
195.44
181.79
189.5
196.74
202.9
208.54
213.46
218.12
222.4
225.35
226.26
225.92
225.57
225.18
224.75
224.09
223.22
222.14
221.06
219.93
218.85
217.7
216.39
215.02
213.49
211.93
210.22
208.38
206.55
204.63
202.71
200.66
198.5
196.43
194.06
260.29
243.77
226.81
211.06
195.44
181.79
193.46
204.1
213.13
221.56
229.11
236.38
242.97
247.9
251.08
252.45
253.62
254.51
255.24
260.29
243.77
226.81
211.06
195.44
181.79
189.52
196.72
202.76
208.32
213.16
217.7
221.81
224.52
224.99
224.55
224.08
223.73
223.27
222.54
221.6
220.48
260.29
243.77
226.81
211.06
195.44
181.79
178.93
177.22
174.94
172.67
170.54
168.41
166.35
164.55
162.61
160.78
158.94
157.21
155.46
153.76
152.14
150.5
148.94
147.36
145.81
144.42
142.91
141.46
139.96
138.51
136.99
135.45
133.93
132.32
130.7
128.9
126.93
124.93
122.44
119.74
116.51
112.86
108.44
103.19
97.144
94.825
93.39
91.829
90.005
87.198
84.18
81.66
79.384
77.365
75.448
73.651
72.032
70.561
69.287
67.999
66.756
260.29
243.77
226.81
211.06
195.44
181.79
178.93
177.22
174.94
172.67
170.54
168.41
166.35
164.55
162.61
160.78
158.94
157.21
155.46
153.76
152.14
150.5
148.94
147.36
145.81
144.42
142.91
141.46
139.96
138.51
136.99
135.45
133.93
132.32
130.7
128.9
126.93
124.93
122.44
119.74
116.51
112.86
108.44
103.19
97.144
93.5
90.042
86.433
82.873
79.582
76.272
73.406
70.81
68.626
66.663
64.97
63.564
62.333
61.339
60.479
59.755
59.203
58.686
58.266
57.9
57.598
57.327
57.092
56.89
56.699
56.531
56.373
56.227
56.107
55.984
55.875
55.771
55.675
260.29
243.77
226.81
211.06
195.44
181.79
178.93
177.22
174.94
172.67
170.54
168.41
166.35
164.55
162.61
160.78
158.94
157.21
155.46
153.76
152.14
150.5
148.94
147.36
145.81
144.42
142.91
141.46
139.96
138.51
136.99
135.45
133.93
132.32
130.7
128.9
126.93
124.93
122.44
119.74
116.51
112.86
108.44
103.19
97.144
96.08
95.669
95.117
93.476
90.949
88.327
86.093
83.907
81.904
79.931
78.084
260.29
243.77
226.81
211.06
195.44
181.79
178.93
177.22
174.94
172.67
170.54
168.41
166.35
164.55
162.61
160.78
158.94
157.21
155.46
153.76
152.14
150.5
148.94
147.36
145.81
144.42
142.91
141.46
139.96
138.51
136.99
135.45
133.93
132.32
130.7
128.9
126.93
124.93
122.44
119.74
116.51
112.86
108.44
103.19
97.144
94.607
92.465
90.158
87.527
84.633
81.517
78.723
76.071
73.758
71.607
69.692
260.29
243.77
226.81
211.06
195.44
181.79
178.93
177.22
174.94
172.67
170.54
168.41
166.35
164.55
162.61
160.78
158.94
157.21
155.46
153.76
152.14
150.5
148.94
147.36
145.81
144.42
142.91
141.46
139.96
138.51
136.99
135.45
133.93
132.32
130.7
128.9
126.93
124.93
122.44
119.74
116.51
112.86
108.44
103.19
97.144
93.917
91.006
88.191
85.238
82.272
79.153
76.378
73.792
71.562
69.516
67.719
66.19
64.811
63.66
62.639
61.77
61.098
60.462
59.937
59.472
59.085
58.74
260.29
243.77
226.81
211.06
195.44
181.79
178.93
177.22
174.94
172.67
170.54
168.41
166.35
164.55
162.61
160.78
158.94
157.21
155.46
153.76
152.14
150.5
148.94
147.36
145.81
144.42
142.91
141.46
139.96
138.51
136.99
135.45
133.93
132.32
130.7
128.9
126.93
124.93
122.44
119.74
116.51
112.86
108.44
103.19
97.144
94.516
92.318
90.031
87.576
84.767
81.687
78.916
76.299
74.006
71.87
69.956
260.29
243.77
226.81
211.06
195.44
181.79
178.93
177.22
174.94
172.67
170.54
168.41
166.35
164.55
162.61
160.78
158.94
157.21
155.46
153.76
152.14
150.5
148.94
147.36
145.81
144.42
142.91
141.46
139.96
138.51
136.99
135.45
133.93
132.32
130.7
128.9
126.93
124.93
122.44
119.74
116.51
112.86
108.44
103.19
97.144
95.931
94.837
93.262
90.905
88.164
85.241
82.553
79.955
77.623
75.371
73.284
260.29
243.77
226.81
211.06
195.44
181.79
178.93
177.22
174.94
172.67
170.54
168.41
166.35
164.55
162.61
160.78
158.94
157.21
155.46
153.76
152.14
150.5
148.94
147.36
145.81
144.42
142.91
141.46
139.96
138.51
136.99
135.45
133.93
132.32
130.7
128.9
126.93
124.93
122.44
119.74
116.51
112.86
108.44
103.19
97.144
96.166
95.883
95.353
93.669
91.073
88.422
86.176
84.001
82.053
80.168
78.438
76.907
75.231
73.535
71.826
70.246
260.29
243.77
226.81
211.06
195.44
181.79
178.93
177.22
174.94
172.67
170.54
168.41
166.35
164.55
162.61
160.78
158.94
157.21
155.46
153.76
152.14
150.5
148.94
147.36
145.81
144.42
142.91
141.46
139.96
138.51
136.99
135.45
133.93
132.32
130.7
128.9
126.93
124.93
122.44
119.74
116.51
112.86
108.44
103.19
97.144
93.324
89.982
86.65
83.488
80.555
77.397
74.517
71.824
69.528
67.447
65.633
64.119
62.783
61.689
60.739
59.939
59.324
58.747
58.278
57.868
57.533
57.238
56.985
260.29
243.77
226.81
211.06
195.44
181.79
178.93
177.22
174.94
172.67
170.54
168.41
166.35
164.55
162.61
160.78
158.94
157.21
155.46
153.76
152.14
150.5
148.94
147.36
145.81
144.42
142.91
141.46
139.96
138.51
136.99
135.45
133.93
132.32
130.7
128.9
126.93
124.93
122.44
119.74
116.51
112.86
108.44
103.19
97.144
95.132
93.682
91.972
89.846
87.037
83.973
81.257
78.68
76.393
74.224
72.208
70.415
68.734
67.279
65.961
64.827
63.947
63.116
260.29
243.77
226.81
211.06
195.44
181.79
178.93
177.22
174.94
172.67
170.54
168.41
166.35
164.55
162.61
160.78
158.94
157.21
155.46
153.76
152.14
150.5
148.94
147.36
145.81
144.42
142.91
141.46
139.96
138.51
136.99
135.45
133.93
132.32
130.7
128.9
126.93
124.93
122.44
119.74
116.51
112.86
108.44
103.19
97.144
90.624
84.566
78.612
73.2
68.689
64.532
61.222
58.485
56.413
54.74
53.475
52.57
51.875
51.385
51.026
53.23
54.562
55.53
56.076
56.36
56.466
56.477
56.435
56.372
56.295
56.215
56.135
56.057
55.989
55.914
55.842
260.29
243.77
226.81
211.06
195.44
181.79
178.93
177.22
174.94
172.67
170.54
168.41
166.35
164.55
162.61
160.78
158.94
157.21
155.46
153.76
152.14
150.5
148.94
147.36
145.81
144.42
142.91
141.46
139.96
138.51
136.99
135.45
133.93
132.32
130.7
128.9
126.93
124.93
122.44
119.74
116.51
112.86
108.44
103.19
97.144
90.624
84.566
78.612
73.2
68.689
64.532
61.222
58.485
56.413
54.74
53.475
52.57
51.875
51.385
51.026
53.269
54.619
55.589
56.127
56.4
56.497
56.5
56.453
56.385
56.304
56.222
56.139
56.06
55.991
55.915
55.841
260.29
243.77
226.81
211.06
195.44
181.79
178.93
177.22
174.94
172.67
170.54
168.41
166.35
164.55
162.61
160.78
158.94
157.21
155.46
153.76
152.14
150.5
148.94
147.36
145.81
144.42
142.91
141.46
139.96
138.51
136.99
135.45
133.93
132.32
130.7
128.9
126.93
124.93
122.44
119.74
116.51
112.86
108.44
103.19
97.144
90.624
84.566
78.612
73.2
68.689
64.532
61.222
58.485
56.413
54.74
53.475
52.57
51.875
51.385
51.026
54.671
56.94
58.547
59.403
59.819
59.969
59.989
59.94
59.861
59.762
59.65
59.518
260.29
243.77
226.81
211.06
195.44
181.79
178.93
177.22
174.94
172.67
170.54
168.41
166.35
164.55
162.61
160.78
158.94
157.21
155.46
153.76
152.14
150.5
148.94
147.36
145.81
144.42
142.91
141.46
139.96
138.51
136.99
135.45
133.93
132.32
130.7
128.9
126.93
124.93
122.44
119.74
116.51
112.86
108.44
103.19
97.144
90.624
84.566
78.612
73.2
68.689
64.532
61.222
58.485
56.413
54.74
53.475
52.57
51.875
51.385
51.026
55.64
58.538
60.539
61.571
62.068
62.258
62.302
62.262
62.169
62.032
61.868
260.29
243.77
226.81
211.06
195.44
181.79
178.93
177.22
174.94
172.67
170.54
168.41
166.35
164.55
162.61
160.78
158.94
157.21
155.46
153.76
152.14
150.5
148.94
147.36
145.81
144.42
142.91
141.46
139.96
138.51
136.99
135.45
133.93
132.32
130.7
128.9
126.93
124.93
122.44
119.74
116.51
112.86
108.44
103.19
97.144
90.624
84.566
78.612
73.2
68.689
64.532
61.222
58.485
56.413
54.74
53.475
52.57
51.875
51.385
51.026
55.67
58.577
60.574
61.591
62.067
62.236
62.26
62.204
62.098
61.948
61.775
61.576
61.36
61.159
260.29
243.77
226.81
211.06
195.44
181.79
178.93
177.22
174.94
172.67
170.54
168.41
166.35
164.55
162.61
160.78
158.94
157.21
155.46
153.76
152.14
150.5
148.94
147.36
145.81
144.42
142.91
141.46
139.96
138.51
136.99
135.45
133.93
132.32
130.7
128.9
126.93
124.93
122.44
119.74
116.51
112.86
108.44
103.19
97.144
90.624
84.566
78.612
73.2
68.689
64.532
61.222
58.485
56.413
54.74
53.475
52.57
51.875
51.385
51.026
54.558
56.778
58.394
59.289
59.752
59.938
59.984
59.953
59.889
59.802
59.702
59.583
59.448
59.314
59.158
59.004
260.29
243.77
226.81
211.06
195.44
181.79
178.93
177.22
174.94
172.67
170.54
168.41
166.35
164.55
162.61
160.78
158.94
157.21
155.46
153.76
152.14
150.5
148.94
147.36
145.81
144.42
142.91
141.46
139.96
138.51
136.99
135.45
133.93
132.32
130.7
128.9
126.93
124.93
122.44
119.74
116.51
112.86
108.44
103.19
97.144
90.624
84.566
78.612
73.2
68.689
64.532
61.222
58.485
56.413
54.74
53.475
52.57
51.875
51.385
51.026
53.646
55.254
56.437
57.11
57.467
57.61
57.64
57.608
57.546
57.469
57.391
57.308
57.221
57.14
57.046
56.952
56.852
56.755
56.655
260.29
243.77
226.81
211.06
195.44
181.79
178.93
177.22
174.94
172.67
170.54
168.41
166.35
164.55
162.61
160.78
158.94
157.21
155.46
153.76
152.14
150.5
148.94
147.36
145.81
144.42
142.91
141.46
139.96
138.51
136.99
135.45
133.93
132.32
130.7
128.9
126.93
124.93
122.44
119.74
116.51
112.86
108.44
103.19
97.144
90.624
84.566
78.612
73.2
68.689
64.532
61.222
58.485
56.413
54.74
53.475
52.57
51.875
51.385
51.026
55.362
58.019
59.783
60.633
60.989
61.077
61.043
60.945
60.819
60.666
60.5
60.317
60.128
59.957
260.29
243.77
226.81
211.06
195.44
181.79
178.93
177.22
174.94
172.67
170.54
168.41
166.35
164.55
162.61
160.78
158.94
157.21
155.46
153.76
152.14
150.5
148.94
147.36
145.81
144.42
142.91
141.46
139.96
138.51
136.99
135.45
133.93
132.32
130.7
128.9
126.93
124.93
122.44
119.74
116.51
112.86
108.44
103.19
97.144
90.624
84.566
78.612
73.2
68.689
64.532
61.222
58.485
56.413
54.74
53.475
52.57
51.875
51.385
51.026
54.12
56.043
57.447
58.232
58.64
58.802
58.84
58.807
58.745
58.668
58.585
58.489
58.382
58.278
58.157
58.036
57.91
57.788
57.658
57.53
57.408
57.287
57.173
260.29
243.77
226.81
211.06
195.44
181.79
178.93
177.22
174.94
172.67
170.54
168.41
166.35
164.55
162.61
160.78
158.94
157.21
155.46
153.76
152.14
150.5
148.94
147.36
145.81
144.42
142.91
141.46
139.96
138.51
136.99
135.45
133.93
132.32
130.7
128.9
126.93
124.93
122.44
119.74
116.51
112.86
108.44
103.19
97.144
90.624
84.566
78.612
73.2
68.689
64.532
61.222
58.485
56.413
54.74
53.475
52.57
51.875
51.385
51.026
53.976
55.829
57.231
58.055
58.52
58.731
58.806
58.801
58.76
58.7
58.63
58.546
58.451
58.354
58.236
58.114
57.984
57.857
57.725
57.594
57.467
57.338
57.215
