0.084873
0.16427
0.24914
0.33128
0.41615
0.49829
0.58316
0.66804
0.75017
0.83505
0.91718
1.0021
1.0869
1.1636
1.2485
1.3306
1.4155
1.4976
1.5825
1.6674
0.084873
0.16427
0.24914
0.33128
0.41615
0.49829
0.58316
0.66804
0.75017
0.83505
0.91718
1.0021
1.0869
1.1636
1.2485
1.3306
1.4155
1.4976
0.084873
0.16427
0.24914
0.33128
0.41615
0.49829
0.58316
0.66804
0.75017
0.83505
0.91718
1.0021
1.0869
1.1636
1.2485
1.3306
1.4155
1.4976
0.084873
0.16427
0.24914
0.33128
0.41615
0.49829
0.58316
0.66804
0.75017
0.83505
0.91718
1.0021
1.0869
1.1636
1.2485
1.3306
1.4155
1.4976
1.5825
0.084873
0.16427
0.24914
0.33128
0.41615
0.49829
0.58316
0.66804
0.75017
0.83505
0.91718
1.0021
1.0869
1.1636
1.2485
1.3306
1.4155
1.4976
1.5825
1.6674
1.7495
1.8344
1.9165
2.0014
2.0862
0.084873
0.16427
0.24914
0.33128
0.41615
0.49829
0.58316
0.66804
0.75017
0.83505
0.91718
1.0021
1.0869
1.1636
1.2485
1.3306
1.4155
1.4976
1.5825
1.6674
0.084873
0.16427
0.24914
0.33128
0.41615
0.49829
0.58316
0.66804
0.75017
0.83505
0.91718
1.0021
1.0869
1.1636
1.2485
1.3306
1.4155
1.4976
1.5825
1.6674
1.7495
1.8344
1.9165
2.0014
2.0862
2.1629
2.2478
2.3299
2.4148
0.084873
0.16427
0.24914
0.33128
0.41615
0.49829
0.58316
0.66804
0.75017
0.83505
0.91718
1.0021
1.0869
1.1636
1.2485
1.3306
1.4155
1.4976
1.5825
1.6674
1.7495
1.8344
1.9165
2.0014
2.0862
2.1629
2.2478
2.3299
2.4148
2.4969
2.5818
2.6667
2.7488
2.8337
2.9158
3.0007
3.0856
3.1622
3.2471
0.084873
0.16427
0.24914
0.33128
0.41615
0.49829
0.58316
0.66804
0.75017
0.83505
0.91718
1.0021
1.0869
1.1636
1.2485
1.3306
1.4155
1.4976
1.5825
0.084873
0.16427
0.24914
0.33128
0.41615
0.49829
0.58316
0.66804
0.75017
0.83505
0.91718
1.0021
1.0869
1.1636
1.2485
1.3306
1.4155
1.4976
1.5825
1.6674
1.7495
1.8344
0.084873
0.16427
0.24914
0.33128
0.41615
0.49829
0.58316
0.66804
0.75017
0.83505
0.91718
1.0021
1.0869
1.1636
1.2485
1.3306
1.4155
1.4976
1.5825
1.6674
1.7495
1.8344
1.9165
2.0014
2.0862
2.1629
2.2478
2.3299
2.4148
2.4969
2.5818
2.6667
2.7488
2.8337
2.9158
3.0007
3.0856
3.1622
3.2471
3.3292
3.4141
3.4962
3.5811
3.666
3.7481
3.833
3.9151
4
4.0849
4.1643
4.2491
4.3313
4.4162
4.4983
4.5832
4.668
4.7502
4.835
4.9172
5.0021
5.0869
0.084873
0.16427
0.24914
0.33128
0.41615
0.49829
0.58316
0.66804
0.75017
0.83505
0.91718
1.0021
1.0869
1.1636
1.2485
1.3306
1.4155
1.4976
1.5825
1.6674
1.7495
1.8344
1.9165
2.0014
2.0862
2.1629
2.2478
2.3299
2.4148
2.4969
2.5818
2.6667
2.7488
2.8337
2.9158
3.0007
3.0856
3.1622
3.2471
3.3292
3.4141
3.4962
3.5811
3.666
3.7481
3.833
3.9151
4
4.0849
4.1643
4.2491
4.3313
4.4162
4.4983
4.5832
4.668
4.7502
4.835
4.9172
5.0021
5.0869
5.1636
5.2485
5.3306
5.4155
5.4976
5.5825
5.6674
5.7495
5.8344
5.9165
6.0014
6.0862
6.1629
6.2478
6.3299
6.4148
6.4969
0.084873
0.16427
0.24914
0.33128
0.41615
0.49829
0.58316
0.66804
0.75017
0.83505
0.91718
1.0021
1.0869
1.1636
1.2485
1.3306
1.4155
1.4976
1.5825
1.6674
1.7495
1.8344
1.9165
2.0014
2.0862
2.1629
2.2478
2.3299
2.4148
2.4969
2.5818
2.6667
2.7488
2.8337
2.9158
3.0007
3.0856
3.1622
3.2471
3.3292
3.4141
3.4962
3.5811
3.666
3.7481
3.833
3.9151
4
4.0849
4.1643
4.2491
4.3313
4.4162
4.4983
4.5832
4.668
0.084873
0.16427
0.24914
0.33128
0.41615
0.49829
0.58316
0.66804
0.75017
0.83505
0.91718
1.0021
1.0869
1.1636
1.2485
1.3306
1.4155
1.4976
1.5825
1.6674
1.7495
1.8344
1.9165
2.0014
2.0862
2.1629
2.2478
2.3299
2.4148
2.4969
2.5818
2.6667
2.7488
2.8337
2.9158
3.0007
3.0856
3.1622
3.2471
3.3292
3.4141
3.4962
3.5811
3.666
3.7481
3.833
3.9151
4
4.0849
4.1643
4.2491
4.3313
4.4162
4.4983
4.5832
4.668
0.084873
0.16427
0.24914
0.33128
0.41615
0.49829
0.58316
0.66804
0.75017
0.83505
0.91718
1.0021
1.0869
1.1636
1.2485
1.3306
1.4155
1.4976
1.5825
1.6674
1.7495
1.8344
1.9165
2.0014
2.0862
2.1629
2.2478
2.3299
2.4148
2.4969
2.5818
2.6667
2.7488
2.8337
2.9158
3.0007
3.0856
3.1622
3.2471
3.3292
3.4141
3.4962
3.5811
3.666
3.7481
3.833
3.9151
4
4.0849
4.1643
4.2491
4.3313
4.4162
4.4983
4.5832
4.668
4.7502
4.835
4.9172
5.0021
5.0869
5.1636
5.2485
5.3306
5.4155
5.4976
5.5825
0.084873
0.16427
0.24914
0.33128
0.41615
0.49829
0.58316
0.66804
0.75017
0.83505
0.91718
1.0021
1.0869
1.1636
1.2485
1.3306
1.4155
1.4976
1.5825
1.6674
1.7495
1.8344
1.9165
2.0014
2.0862
2.1629
2.2478
2.3299
2.4148
2.4969
2.5818
2.6667
2.7488
2.8337
2.9158
3.0007
3.0856
3.1622
3.2471
3.3292
3.4141
3.4962
3.5811
3.666
3.7481
3.833
3.9151
4
4.0849
4.1643
4.2491
4.3313
4.4162
4.4983
4.5832
4.668
0.084873
0.16427
0.24914
0.33128
0.41615
0.49829
0.58316
0.66804
0.75017
0.83505
0.91718
1.0021
1.0869
1.1636
1.2485
1.3306
1.4155
1.4976
1.5825
1.6674
1.7495
1.8344
1.9165
2.0014
2.0862
2.1629
2.2478
2.3299
2.4148
2.4969
2.5818
2.6667
2.7488
2.8337
2.9158
3.0007
3.0856
3.1622
3.2471
3.3292
3.4141
3.4962
3.5811
3.666
3.7481
3.833
3.9151
4
4.0849
4.1643
4.2491
4.3313
4.4162
4.4983
4.5832
4.668
0.084873
0.16427
0.24914
0.33128
0.41615
0.49829
0.58316
0.66804
0.75017
0.83505
0.91718
1.0021
1.0869
1.1636
1.2485
1.3306
1.4155
1.4976
1.5825
1.6674
1.7495
1.8344
1.9165
2.0014
2.0862
2.1629
2.2478
2.3299
2.4148
2.4969
2.5818
2.6667
2.7488
2.8337
2.9158
3.0007
3.0856
3.1622
3.2471
3.3292
3.4141
3.4962
3.5811
3.666
3.7481
3.833
3.9151
4
4.0849
4.1643
4.2491
4.3313
4.4162
4.4983
4.5832
4.668
4.7502
4.835
4.9172
5.0021
5.0869
0.084873
0.16427
0.24914
0.33128
0.41615
0.49829
0.58316
0.66804
0.75017
0.83505
0.91718
1.0021
1.0869
1.1636
1.2485
1.3306
1.4155
1.4976
1.5825
1.6674
1.7495
1.8344
1.9165
2.0014
2.0862
2.1629
2.2478
2.3299
2.4148
2.4969
2.5818
2.6667
2.7488
2.8337
2.9158
3.0007
3.0856
3.1622
3.2471
3.3292
3.4141
3.4962
3.5811
3.666
3.7481
3.833
3.9151
4
4.0849
4.1643
4.2491
4.3313
4.4162
4.4983
4.5832
4.668
4.7502
4.835
4.9172
5.0021
5.0869
5.1636
5.2485
5.3306
5.4155
5.4976
5.5825
5.6674
0.084873
0.16427
0.24914
0.33128
0.41615
0.49829
0.58316
0.66804
0.75017
0.83505
0.91718
1.0021
1.0869
1.1636
1.2485
1.3306
1.4155
1.4976
1.5825
1.6674
1.7495
1.8344
1.9165
2.0014
2.0862
2.1629
2.2478
2.3299
2.4148
2.4969
2.5818
2.6667
2.7488
2.8337
2.9158
3.0007
3.0856
3.1622
3.2471
3.3292
3.4141
3.4962
3.5811
3.666
3.7481
3.833
3.9151
4
4.0849
4.1643
4.2491
4.3313
4.4162
4.4983
4.5832
4.668
4.7502
4.835
4.9172
5.0021
5.0869
5.1636
5.2485
0.084873
0.16427
0.24914
0.33128
0.41615
0.49829
0.58316
0.66804
0.75017
0.83505
0.91718
1.0021
1.0869
1.1636
1.2485
1.3306
1.4155
1.4976
1.5825
1.6674
1.7495
1.8344
1.9165
2.0014
2.0862
2.1629
2.2478
2.3299
2.4148
2.4969
2.5818
2.6667
2.7488
2.8337
2.9158
3.0007
3.0856
3.1622
3.2471
3.3292
3.4141
3.4962
3.5811
3.666
3.7481
3.833
3.9151
4
4.0849
4.1643
4.2491
4.3313
4.4162
4.4983
4.5832
4.668
4.7502
4.835
4.9172
5.0021
5.0869
5.1636
5.2485
5.3306
5.4155
5.4976
5.5825
5.6674
5.7495
5.8344
5.9165
6.0014
6.0862
6.1629
6.2478
6.3299
0.084873
0.16427
0.24914
0.33128
0.41615
0.49829
0.58316
0.66804
0.75017
0.83505
0.91718
1.0021
1.0869
1.1636
1.2485
1.3306
1.4155
1.4976
1.5825
1.6674
1.7495
1.8344
1.9165
2.0014
2.0862
2.1629
2.2478
2.3299
2.4148
2.4969
2.5818
2.6667
2.7488
2.8337
2.9158
3.0007
3.0856
3.1622
3.2471
3.3292
3.4141
3.4962
3.5811
3.666
3.7481
3.833
3.9151
4
4.0849
4.1643
4.2491
4.3313
4.4162
4.4983
4.5832
4.668
4.7502
4.835
4.9172
5.0021
5.0869
5.1636
5.2485
5.3306
5.4155
5.4976
5.5825
5.6674
5.7495
5.8344
5.9165
6.0014
6.0862
6.1629
6.2478
6.3299
0.084873
0.16427
0.24914
0.33128
0.41615
0.49829
0.58316
0.66804
0.75017
0.83505
0.91718
1.0021
1.0869
1.1636
1.2485
1.3306
1.4155
1.4976
1.5825
1.6674
1.7495
1.8344
1.9165
2.0014
2.0862
2.1629
2.2478
2.3299
2.4148
2.4969
2.5818
2.6667
2.7488
2.8337
2.9158
3.0007
3.0856
3.1622
3.2471
3.3292
3.4141
3.4962
3.5811
3.666
3.7481
3.833
3.9151
4
4.0849
4.1643
4.2491
4.3313
4.4162
4.4983
4.5832
4.668
4.7502
4.835
4.9172
5.0021
5.0869
5.1636
5.2485
5.3306
5.4155
5.4976
5.5825
5.6674
5.7495
5.8344
5.9165
6.0014
0.084873
0.16427
0.24914
0.33128
0.41615
0.49829
0.58316
0.66804
0.75017
0.83505
0.91718
1.0021
1.0869
1.1636
1.2485
1.3306
1.4155
1.4976
1.5825
1.6674
1.7495
1.8344
1.9165
2.0014
2.0862
2.1629
2.2478
2.3299
2.4148
2.4969
2.5818
2.6667
2.7488
2.8337
2.9158
3.0007
3.0856
3.1622
3.2471
3.3292
3.4141
3.4962
3.5811
3.666
3.7481
3.833
3.9151
4
4.0849
4.1643
4.2491
4.3313
4.4162
4.4983
4.5832
4.668
4.7502
4.835
4.9172
5.0021
5.0869
5.1636
5.2485
5.3306
5.4155
5.4976
5.5825
5.6674
5.7495
5.8344
5.9165
0.084873
0.16427
0.24914
0.33128
0.41615
0.49829
0.58316
0.66804
0.75017
0.83505
0.91718
1.0021
1.0869
1.1636
1.2485
1.3306
1.4155
1.4976
1.5825
1.6674
1.7495
1.8344
1.9165
2.0014
2.0862
2.1629
2.2478
2.3299
2.4148
2.4969
2.5818
2.6667
2.7488
2.8337
2.9158
3.0007
3.0856
3.1622
3.2471
3.3292
3.4141
3.4962
3.5811
3.666
3.7481
3.833
3.9151
4
4.0849
4.1643
4.2491
4.3313
4.4162
4.4983
4.5832
4.668
4.7502
4.835
4.9172
5.0021
5.0869
5.1636
5.2485
5.3306
5.4155
5.4976
5.5825
5.6674
5.7495
5.8344
5.9165
6.0014
6.0862
6.1629
0.084873
0.16427
0.24914
0.33128
0.41615
0.49829
0.58316
0.66804
0.75017
0.83505
0.91718
1.0021
1.0869
1.1636
1.2485
1.3306
1.4155
1.4976
1.5825
1.6674
1.7495
1.8344
1.9165
2.0014
2.0862
2.1629
2.2478
2.3299
2.4148
2.4969
2.5818
2.6667
2.7488
2.8337
2.9158
3.0007
3.0856
3.1622
3.2471
3.3292
3.4141
3.4962
3.5811
3.666
3.7481
3.833
3.9151
4
4.0849
4.1643
4.2491
4.3313
4.4162
4.4983
4.5832
4.668
4.7502
4.835
4.9172
5.0021
5.0869
5.1636
5.2485
5.3306
5.4155
5.4976
5.5825
5.6674
5.7495
5.8344
5.9165
6.0014
6.0862
6.1629
6.2478
6.3299
0.084873
0.16427
0.24914
0.33128
0.41615
0.49829
0.58316
0.66804
0.75017
0.83505
0.91718
1.0021
1.0869
1.1636
1.2485
1.3306
1.4155
1.4976
1.5825
1.6674
1.7495
1.8344
1.9165
2.0014
2.0862
2.1629
2.2478
2.3299
2.4148
2.4969
2.5818
2.6667
2.7488
2.8337
2.9158
3.0007
3.0856
3.1622
3.2471
3.3292
3.4141
3.4962
3.5811
3.666
3.7481
3.833
3.9151
4
4.0849
4.1643
4.2491
4.3313
4.4162
4.4983
4.5832
4.668
4.7502
4.835
4.9172
5.0021
5.0869
5.1636
5.2485
5.3306
5.4155
5.4976
5.5825
5.6674
5.7495
5.8344
5.9165
6.0014
6.0862
6.1629
6.2478
6.3299
6.4148
6.4969
6.5818
0.084873
0.16427
0.24914
0.33128
0.41615
0.49829
0.58316
0.66804
0.75017
0.83505
0.91718
1.0021
1.0869
1.1636
1.2485
1.3306
1.4155
1.4976
1.5825
1.6674
1.7495
1.8344
1.9165
2.0014
2.0862
2.1629
2.2478
2.3299
2.4148
2.4969
2.5818
2.6667
2.7488
2.8337
2.9158
3.0007
3.0856
3.1622
3.2471
3.3292
3.4141
3.4962
3.5811
3.666
3.7481
3.833
3.9151
4
4.0849
4.1643
4.2491
4.3313
4.4162
4.4983
4.5832
4.668
4.7502
4.835
4.9172
5.0021
5.0869
5.1636
5.2485
5.3306
5.4155
5.4976
5.5825
5.6674
5.7495
5.8344
5.9165
6.0014
6.0862
6.1629
0.084873
0.16427
0.24914
0.33128
0.41615
0.49829
0.58316
0.66804
0.75017
0.83505
0.91718
1.0021
1.0869
1.1636
1.2485
1.3306
1.4155
1.4976
1.5825
1.6674
1.7495
1.8344
1.9165
2.0014
2.0862
2.1629
2.2478
2.3299
2.4148
2.4969
2.5818
2.6667
2.7488
2.8337
2.9158
3.0007
3.0856
3.1622
3.2471
3.3292
3.4141
3.4962
3.5811
3.666
3.7481
3.833
3.9151
4
4.0849
4.1643
4.2491
4.3313
4.4162
4.4983
4.5832
4.668
4.7502
4.835
4.9172
5.0021
5.0869
5.1636
5.2485
5.3306
5.4155
5.4976
5.5825
5.6674
5.7495
5.8344
5.9165
6.0014
6.0862
6.1629
6.2478
6.3299
6.4148
6.4969
6.5818
6.6667
6.7488
6.8337
6.9158
0.084873
0.16427
0.24914
0.33128
0.41615
0.49829
0.58316
0.66804
0.75017
0.83505
0.91718
1.0021
1.0869
1.1636
1.2485
1.3306
1.4155
1.4976
1.5825
1.6674
1.7495
1.8344
1.9165
2.0014
2.0862
2.1629
2.2478
2.3299
2.4148
2.4969
2.5818
2.6667
2.7488
2.8337
2.9158
3.0007
3.0856
3.1622
3.2471
3.3292
3.4141
3.4962
3.5811
3.666
3.7481
3.833
3.9151
4
4.0849
4.1643
4.2491
4.3313
4.4162
4.4983
4.5832
4.668
4.7502
4.835
4.9172
5.0021
5.0869
5.1636
5.2485
5.3306
5.4155
5.4976
5.5825
5.6674
5.7495
5.8344
5.9165
6.0014
6.0862
6.1629
6.2478
6.3299
6.4148
6.4969
6.5818
6.6667
6.7488
6.8337
6.9158
